STATIONS_ID;MESS_DATUM;  QN;PP_10;TT_10;TM5_10;RF_10;TD_10;eor
       4928;202609140000;    2;  987.5;  16.2;  14.7;  80.5;  12.8;eor
       4928;202609140010;    2;  987.5;  16.1;  14.4;  81.0;  12.8;eor
       4928;202609140020;    2;  987.5;  15.9;  14.6;  81.5;  12.7;eor
       4928;202609140030;    2;  987.6;  15.8;  14.3;  82.2;  12.8;eor
       4928;202609140040;    2;  987.6;  15.6;  13.9;  83.3;  12.8;eor
       4928;202609140050;    2;  987.7;  15.6;  14.2;  83.8;  12.9;eor
       4928;202609140100;    2;  987.8;  15.7;  14.1;  84.0;  13.0;eor
       4928;202609140110;    2;  987.9;  15.6;  13.6;  84.3;  13.0;eor
       4928;202609140120;    2;  987.9;  15.7;  13.8;  84.3;  13.1;eor
       4928;202609140130;    2;  988.0;  15.9;  14.2;  82.8;  13.0;eor
       4928;202609140140;    2;  988.1;  16.0;  14.4;  82.5;  13.0;eor
       4928;202609140150;    2;  988.1;  16.2;  15.3;  81.8;  13.1;eor
       4928;202609140200;    2;  988.1;  16.0;  15.0;  82.5;  13.0;eor
       4928;202609140210;    2;  988.0;  15.8;  14.8;  83.2;  13.0;eor
       4928;202609140220;    2;  988.1;  15.8;  14.7;  84.5;  13.2;eor
       4928;202609140230;    2;  988.1;  16.0;  15.2;  83.4;  13.2;eor
       4928;202609140240;    2;  988.0;  15.8;  15.1;  84.4;  13.2;eor
       4928;202609140250;    2;  988.0;  15.8;  15.1;  84.0;  13.1;eor
       4928;202609140300;    2;  988.0;  15.7;  14.8;  84.3;  13.1;eor
       4928;202609140310;    2;  988.0;  15.4;  14.4;  85.7;  13.0;eor
       4928;202609140320;    2;  988.0;  15.3;  14.9;  86.2;  13.0;eor
       4928;202609140330;    2;  988.1;  15.4;  14.9;  86.3;  13.1;eor
       4928;202609140340;    2;  988.0;  15.4;  14.9;  85.5;  13.0;eor
       4928;202609140350;    2;  988.0;  15.4;  14.9;  85.8;  13.0;eor
       4928;202609140400;    2;  988.0;  15.4;  15.1;  85.5;  13.0;eor
       4928;202609140410;    2;  988.0;  15.4;  15.0;  86.0;  13.1;eor
       4928;202609140420;    2;  988.1;  15.3;  15.0;  86.2;  13.0;eor
       4928;202609140430;    2;  988.1;  15.4;  15.0;  85.7;  13.0;eor
       4928;202609140440;    2;  988.0;  15.4;  15.0;  86.3;  13.1;eor
       4928;202609140450;    2;  987.9;  15.3;  14.9;  86.2;  13.0;eor
       4928;202609140500;    2;  988.1;  15.3;  14.7;  86.5;  13.1;eor
       4928;202609140510;    2;  988.0;  15.3;  14.9;  86.3;  13.0;eor
       4928;202609140520;    2;  988.1;  15.5;  15.1;  85.1;  13.0;eor
       4928;202609140530;    2;  988.2;  15.3;  14.6;  85.8;  12.9;eor
       4928;202609140540;    2;  988.1;  15.5;  15.3;  85.2;  13.0;eor
       4928;202609140550;    2;  988.2;  16.0;  17.0;  83.1;  13.1;eor
       4928;202609140600;    2;  988.3;  16.6;  18.2;  81.4;  13.4;eor
       4928;202609140610;    2;  988.3;  16.8;  18.6;  79.5;  13.2;eor
       4928;202609140620;    2;  988.4;  16.7;  17.7;  79.7;  13.2;eor
       4928;202609140630;    2;  988.4;  16.7;  17.2;  80.3;  13.3;eor
       4928;202609140640;    2;  988.4;  17.3;  19.4;  79.5;  13.7;eor
       4928;202609140650;    2;  988.6;  17.2;  18.4;  78.7;  13.5;eor
       4928;202609140700;    2;  988.6;  17.4;  18.1;  78.1;  13.5;eor
       4928;202609140710;    2;  988.6;  17.3;  18.0;  79.0;  13.6;eor
       4928;202609140720;    2;  988.7;  17.4;  18.3;  79.1;  13.7;eor
       4928;202609140730;    2;  988.8;  17.6;  18.7;  79.9;  14.1;eor
       4928;202609140740;    2;  988.8;  17.5;  18.2;  78.2;  13.7;eor
       4928;202609140750;    2;  988.8;  17.6;  18.7;  78.4;  13.8;eor
       4928;202609140800;    2;  988.9;  17.7;  18.8;  77.3;  13.7;eor
       4928;202609140810;    2;  988.9;  18.0;  19.4;  77.4;  14.0;eor
       4928;202609140820;    2;  989.0;  18.2;  19.5;  76.9;  14.1;eor
       4928;202609140830;    2;  989.0;  18.4;  19.7;  77.3;  14.4;eor
       4928;202609140840;    2;  989.0;  18.5;  19.7;  76.7;  14.3;eor
       4928;202609140850;    2;  989.0;  18.7;  20.4;  76.7;  14.5;eor
       4928;202609140900;    2;  989.1;  18.7;  21.8;  73.4;  13.8;eor
       4928;202609140910;    2;  989.0;  19.0;  21.1;  73.8;  14.2;eor
       4928;202609140920;    2;  989.0;  19.2;  21.8;  72.2;  14.1;eor
       4928;202609140930;    2;  988.9;  19.5;  21.6;  73.8;  14.7;eor
       4928;202609140940;    2;  988.9;  19.5;  21.7;  71.8;  14.3;eor
       4928;202609140950;    2;  988.9;  19.9;  23.5;  69.8;  14.2;eor
       4928;202609141000;    2;  988.9;  20.3;  24.8;  67.4;  14.1;eor
       4928;202609141010;    2;  988.7;  20.8;  24.2;  66.8;  14.4;eor
       4928;202609141020;    2;  988.7;  21.3;  26.9;  65.6;  14.6;eor
       4928;202609141030;    2;  988.7;  20.9;  25.5;  64.7;  14.0;eor
       4928;202609141040;    2;  988.6;  21.5;  26.8;  63.0;  14.2;eor
       4928;202609141050;    2;  988.6;  21.6;  28.7;  61.6;  13.9;eor
       4928;202609141100;    2;  988.7;  21.3;  27.2;  63.5;  14.1;eor
       4928;202609141110;    2;  988.6;  21.9;  26.5;  62.6;  14.4;eor
       4928;202609141120;    2;  988.5;  22.2;  27.9;  56.6;  13.2;eor
       4928;202609141130;    2;  988.5;  22.0;  29.0;  57.0;  13.1;eor
       4928;202609141140;    2;  988.5;  22.9;  29.5;  54.8;  13.3;eor
       4928;202609141150;    2;  988.4;  23.6;  28.8;  54.0;  13.8;eor
       4928;202609141200;    2;  988.4;  22.8;  29.1;  55.1;  13.3;eor
       4928;202609141210;    2;  988.3;  23.5;  29.8;  53.1;  13.4;eor
       4928;202609141220;    2;  988.2;  24.0;  31.1;  51.8;  13.5;eor
       4928;202609141230;    2;  988.2;  23.5;  28.8;  53.0;  13.4;eor
       4928;202609141240;    2;  988.1;  22.9;  26.5;  55.0;  13.4;eor
       4928;202609141250;    2;  988.1;  22.5;  24.5;  57.1;  13.6;eor
       4928;202609141300;    2;  988.1;  22.7;  25.5;  57.0;  13.7;eor
       4928;202609141310;    2;  988.0;  23.0;  26.9;  55.4;  13.6;eor
       4928;202609141320;    2;  988.0;  23.9;  30.3;  51.4;  13.3;eor
